ProximityPlanner:
    frame_id: "wcias_base_link"
    angle_min: -3.141592653589793
    angle_max: 3.141592653589793
    angle_inc: 0.17453293005625406
    range_min: 0
    range_max: 4.1
    min_cost: 200
