ProximityPlanner:
    frame_id: "wcias_base_link"
    angle_min: -3.141592653589793
    angle_max: 3.141592653589793
    angle_inc: 0.17453292519943295
    range_min: 0
    range_max: 2.4
    min_cost: 128
